-11.6611 62.6951 0.00209565 0.000103676 0.000103676 0.000797678
-9.24612 57.5729 0.00119164 -1.96465e-05 -1.96465e-05 0.00137007
-2.48357 56.8406 0.00135705 -0.000126678 -0.000126678 0.00114306
-14.2069 55.0046 0.000723823 -0.000469335 -0.000469335 0.00165715
-5.94941 52.6872 0.00117598 0.000276915 0.000276915 0.00136854
1.20117 53.1838 0.00132196 0.000117846 0.000117846 0.00213308
8.31363 53.6321 0.00140158 0.000928268 0.000928268 0.00160053
-13.1459 45.037 0.00240954 -0.00100545 -0.00100545 0.00163888
-7.94802 46.6058 0.0016968 1.70106e-05 1.70106e-05 0.00140829
3.32846 56.9385 0.00216166 0.000452854 0.000452854 0.00137001
