-11.4498 62.7787 0.00179142 0.000531059 0.000531059 0.000696606
-9.08323 57.6417 0.00185631 -7.23032e-05 -7.23032e-05 0.000906628
-2.32965 56.8797 0.00125076 -0.000250565 -0.000250565 0.00101478
-14.0518 55.0725 0.000804063 0.00044787 0.00044787 0.000901
-5.8142 52.754 0.0009033 0.000258285 0.000258285 0.00099431
1.33477 53.2052 0.000847304 0.000110816 0.000110816 0.00159631
8.46288 53.6496 0.000458816 0.00027201 0.00027201 0.000909991
-13.0294 45.1365 0.000748461 0.00016468 0.00016468 0.00126125
-7.86181 46.7126 0.00120313 0.000425336 0.000425336 0.00102937
3.48306 56.9733 0.00159785 0.000546824 0.000546824 0.00111168
